0	AND	0,0,0	#2	#4
1	MVN	1,0,0	#4	None
1	AND	1,0,1	1,0,0	#3
-2	iconmv	0,0,0	00,10,	True
1	ORR	1,0,2	0,0,0	1,0,1
1	ADD	1,0,3	#1	1,0,2
0	ADD	0,0,1	#5	#7
-2	iconmv	1,0,3	10,00,	True
0	ADD	0,0,2	1,0,3	0,0,1
0	LSL	0,0,3	0,0,2	#6
1	AND	1,0,4	#2	#4
0	MVN	0,0,4	#4	None
0	AND	0,0,5	0,0,4	#3
-2	iconmv	1,0,4	10,00,	True
0	ORR	0,0,6	1,0,4	0,0,5
0	ADD	0,0,7	#1	0,0,6
1	ADD	1,0,5	#5	#7
-2	iconmv	0,0,7	00,10,	True
1	ADD	1,0,6	0,0,7	1,0,5
0	SUB	0,0,8	#8	#6
-2	iconmv	1,0,6	10,00,	True
0	LSR	0,0,9	1,0,6	0,0,8
0	ORR	0,0,10	0,0,3	0,0,9
