0	AND	0,0,0	#2	#4
1	MVN	1,0,0	#4	None
1	AND	1,0,1	1,0,0	#3
-2	iconmv	0,0,0	00,10,00,00,00,00,00,00,	True
1	ORR	1,0,2	0,0,0	1,0,1
1	ADD	1,0,3	#1	1,0,2
2	ADD	2,0,0	#5	#7
-2	iconmv	1,0,3	00,00,10,00,00,00,00,00,	True
2	ADD	2,0,1	1,0,3	2,0,0
2	LSL	2,0,2	2,0,1	#6
3	AND	3,0,0	#2	#4
4	MVN	4,0,0	#4	None
4	AND	4,0,1	4,0,0	#3
-2	iconmv	3,0,0	00,00,00,00,10,00,00,00,	True
4	ORR	4,0,2	3,0,0	4,0,1
4	ADD	4,0,3	#1	4,0,2
5	ADD	5,0,0	#5	#7
-2	iconmv	4,0,3	00,00,00,00,00,10,00,00,	True
5	ADD	5,0,1	4,0,3	5,0,0
0	SUB	0,0,1	#32	#6
-2	iconmv	5,0,1	10,00,00,00,00,00,00,00,	True
0	LSR	0,0,2	5,0,1	0,0,1
0	ORR	0,0,3	2,0,2	0,0,2
-2	iconmv	2,0,2	10,00,00,00,00,00,00,00,	False
